8618.000000
5773.000000
12483.000000
23357.000000
17532.000000
11448.000000
5921.000000
9023.000000
7260.000000
3206.000000
8233.000000
11859.000000
5299.000000
11270.000000
6284.000000
6983.000000
5901.000000
9066.000000
6402.000000
7401.000000
5933.000000
7005.000000
2573.000000
6661.000000
5070.000000
6930.000000
4489.000000
7959.000000
6683.000000
6582.000000
5861.000000
8240.000000
9620.000000
8556.000000
5020.000000
7730.000000
4041.000000
7106.000000
7084.000000
6368.000000
3837.000000
9480.000000
2353.000000
7376.000000
4213.000000
7938.000000
5160.000000
6825.000000
5611.000000
6293.000000
4343.000000
6350.000000
4658.000000
6981.000000
5139.000000
6621.000000
2199.000000
5734.000000
6977.000000
5516.000000
20018.000000
18620.000000
40194.000000
20233.000000
14140.000000
13828.000000
5599.000000
15564.000000
7205.000000
5986.000000
6065.000000
4584.000000
5405.000000
6090.000000
3852.000000
7374.000000
4186.000000
5781.000000
11062.000000
8491.000000
3808.000000
5750.000000
4646.000000
7046.000000
4556.000000
9385.000000
7536.000000
5740.000000
4988.000000
6204.000000
3875.000000
6488.000000
4560.000000
6151.000000
4438.000000
6620.000000
4571.000000
6425.000000
6916.000000
7439.000000
4289.000000
5776.000000
2282.000000
6029.000000
4092.000000
7202.000000
3928.000000
7036.000000
20324.000000
30235.000000
65025.000000
8618.000000
12886.000000
12147.000000
11398.000000
8645.000000
6758.000000
7231.000000
7778.000000
7274.000000
5303.000000
10247.000000
12736.000000
8591.000000
10235.000000
9480.000000
5870.000000
8391.000000
15545.000000
6688.000000
5344.000000
9026.000000
12640.000000
8340.000000
7027.000000
7860.000000
6566.000000
8154.000000
117990.000000
160854.000000
30960.000000
115372.000000
18176.000000
27633.000000
8181.000000
19647.000000
11860.000000
10764.000000
6882.000000
9110.000000
11906.000000
10961.000000
8378.000000
8784.000000
4648.000000
7076.000000
17784.000000
9489.000000
5213.000000
9439.000000
15529.000000
10578.000000
55307.000000
38169.000000
20132.000000
40465.000000
23502.000000
5158.000000
7432.000000
7022.000000
9220.000000
8309.000000
5931.000000
8701.000000
5256.000000
7568.000000
21783.000000
9363.000000
10790.000000
8773.000000
11085.000000
6711.000000
9065.000000
13282.000000
5689.000000
7944.000000
5631.000000
7840.000000
8153.000000
7657.000000
9949.000000
7833.000000
5370.000000
7605.000000
4924.000000
7306.000000
6566.000000
7424.000000
7062.000000
9165.000000
11225.000000
6843.000000
5279.000000
6662.000000
5919.000000
7837.000000
5630.000000
7478.000000
4987.000000
7727.000000
9967.000000
11613.000000
6610.000000
9348.000000
7977.000000
11323.000000
38693.000000
58292.000000
22762.000000
14353.000000
20654.000000
9456.000000
25117.000000
18644.000000
42248.000000
11788.000000
20265.000000
20533.000000
10479.000000
15217.000000
27004.000000
6768.000000
12532.000000
7247.000000
4220.000000
16975.000000
12637.000000
11098.000000
13986.000000
33440.000000
42012.000000
6132.000000
11782.000000
20966.000000
11533.000000
12060.000000
5686.000000
11442.000000
4290.000000
10405.000000
12885.000000
9552.000000
8791.000000
27439.000000
12560.000000
8531.000000
2282.000000
4782.000000
10142.000000
8907.000000
8312.000000
57537.000000
43080.000000
24098.000000
106121.000000
201415.000000
128240.000000
189850.000000
102704.000000
182206.000000
4920.000000
121333.000000
33332.000000
12127.000000
7648.000000
7583.000000
11073.000000
18686.000000
28252.000000
5434.000000
12434.000000
6897.000000
18251.000000
4911.000000
11755.000000
7192.000000
6175.000000
5167.000000
10331.000000
20412.000000
7528.000000
6974.000000
9770.000000
6238.000000
5780.000000
10321.000000
5349.000000
6925.000000
8489.000000
5844.000000
5791.000000
6071.000000
4722.000000
6456.000000
6397.000000
7180.000000
5520.000000
7916.000000
14255.000000
9822.000000
6973.000000
9769.000000
8103.000000
24686.000000
25060.000000
27973.000000
12262.000000
11725.000000
8340.000000
72360.000000
14320.000000
25347.000000
42581.000000
35101.000000
40977.000000
33385.000000
13932.000000
20677.000000
51840.000000
18886.000000
5104.000000
9457.000000
3652.000000
9446.000000
8903.000000
11373.000000
7342.000000
6862.000000
11161.000000
11001.000000
18918.000000
27750.000000
7982.000000
5771.000000
8339.000000
4575.000000
2914.000000
33153.000000
36907.000000
20091.000000
19899.000000
26430.000000
9499.000000
25761.000000
25027.000000
28400.000000
13718.000000
4359.000000
7279.000000
5309.000000
5611.000000
7818.000000
3357.000000
5548.000000
10287.000000
10236.000000
7019.000000
11095.000000
15209.000000
20383.000000
5151.000000
6011.000000
6449.000000
9523.000000
13480.000000
6384.000000
4675.000000
7228.000000
8921.000000
7046.000000
5555.000000
5665.000000
4645.000000
8267.000000
20293.000000
5404.000000
5932.000000
5997.000000
8128.000000
12397.000000
4529.000000
5320.000000
5369.000000
5506.000000
5618.000000
5598.000000
4124.000000
7543.000000
9165.000000
6435.000000
4520.000000
6661.000000
5175.000000
5613.000000
5463.000000
5365.000000
4364.000000
5360.000000
6769.000000
6367.000000
4803.000000
8652.000000
7175.000000
7704.000000
8196.000000
7505.000000
7779.000000
7794.000000
5251.000000
7337.000000
5126.000000
8209.000000
5697.000000
6726.000000
10518.000000
9017.000000
7215.000000
3017.000000
4691.000000
6784.000000
3128.000000
7099.000000
6429.000000
6110.000000
13041.000000
6196.000000
7006.000000
5845.000000
6012.000000
6000.000000
31222.000000
14060.000000
7411.000000
10879.000000
7117.000000
9815.000000
7374.000000
4476.000000
7177.000000
1203.000000
6231.000000
6616.000000
8260.000000
3678.000000
4069.000000
20118.000000
4881.000000
3989.000000
5510.000000
3807.000000
7215.000000
3578.000000
5952.000000
5496.000000
5131.000000
5093.000000
5896.000000
6431.000000
6415.000000
4133.000000
6787.000000
1192.000000
7597.000000
6249.000000
25645.000000
3634.000000
5895.000000
3938.000000
3922.000000
5018.000000
5897.000000
3478.000000
4536.000000
4304.000000
6648.000000
3367.000000
2319.000000
3286.000000
4193.000000
5126.000000
5545.000000
5428.000000
8097.000000
5085.000000
10977.000000
3055.000000
2634.000000
5972.000000
8892.000000
3276.000000
9482.000000
4908.000000
5984.000000
4374.000000
4667.000000
3802.000000
5117.000000
3296.000000
4003.000000
3044.000000
5813.000000
4091.000000
5880.000000
6292.000000
7638.000000
3756.000000
23921.000000
5513.000000
14340.000000
24724.000000
59756.000000
4763.000000
5447.000000
5106.000000
6841.000000
20962.000000
55838.000000
26364.000000
52322.000000
20964.000000
20914.000000
12337.000000
7894.000000
23174.000000
16205.000000
25380.000000
7668.000000
10851.000000
14707.000000
22082.000000
14124.000000
8049.000000
10444.000000
3723.000000
9179.000000
3243.000000
7445.000000
7636.000000
13636.000000
8651.000000
8694.000000
8331.000000
5978.000000
7109.000000
3768.000000
1240.000000
8232.000000
4202.000000
8589.000000
4099.000000
5249.000000
5796.000000
7721.000000
5220.000000
13128.000000
6333.000000
6116.000000
2107.000000
5714.000000
4246.000000
6348.000000
8914.000000
5057.000000
5894.000000
8797.000000
5258.000000
6996.000000
7071.000000
5428.000000
3028.000000
6379.000000
3361.000000
4333.000000
3656.000000
4173.000000
9983.000000
4730.000000
16017.000000
6122.000000
3321.000000
4492.000000
3272.000000
5412.000000
3475.000000
4659.000000
4618.000000
3835.000000
3431.000000
9179.000000
5381.000000
13554.000000
6190.000000
5187.000000
5553.000000
6866.000000
4506.000000
6555.000000
16351.000000
28703.000000
21274.000000
31935.000000
12682.000000
25735.000000
10433.000000
8108.000000
14343.000000
20744.000000
12479.000000
8009.000000
25170.000000
23115.000000
21676.000000
7096.000000
1414.000000
3908.000000
2366.000000
15034.000000
8756.000000
25124.000000
42514.000000
38241.000000
35520.000000
16534.000000
10467.000000
6606.000000
59276.000000
25170.000000
32629.000000
16504.000000
30998.000000
69253.000000
72877.000000
18694.000000
6331.000000
11563.000000
3334.000000
7678.000000
22165.000000
37911.000000
10920.000000
31456.000000
8809.000000
15116.000000
14800.000000
11469.000000
22814.000000
18914.000000
26248.000000
42886.000000
29808.000000
24760.000000
20723.000000
8690.000000
29516.000000
40334.000000
26462.000000
58617.000000
38391.000000
21953.000000
11499.000000
7788.000000
11731.000000
13822.000000
9385.000000
10027.000000
6622.000000
6781.000000
4902.000000
10142.000000
1532.000000
5889.000000
7182.000000
2358.000000
6878.000000
4369.000000
5752.000000
9963.000000
1569.000000
6135.000000
3483.000000
1896.000000
2133.000000
1934.000000
6729.000000
1494.000000
4039.000000
3854.000000
5201.000000
5057.000000
3387.000000
9182.000000
3641.000000
3863.000000
4729.000000
4245.000000
6797.000000
4059.000000
6901.000000
4744.000000
4092.000000
4411.000000
4925.000000
4915.000000
2352.000000
3495.000000
13505.000000
6846.000000
8647.000000
23172.000000
7013.000000
7185.000000
6652.000000
5638.000000
7930.000000
4751.000000
7323.000000
10116.000000
2319.000000
12200.000000
7501.000000
7514.000000
11364.000000
6780.000000
6554.000000
14989.000000
6567.000000
7079.000000
4947.000000
7203.000000
1868.000000
5209.000000
6531.000000
5467.000000
4264.000000
6081.000000
6889.000000
6897.000000
4244.000000
6227.000000
6876.000000
5325.000000
28618.000000
12417.000000
4206.000000
6757.000000
12093.000000
7436.000000
4432.000000
6113.000000
5181.000000
5253.000000
5532.000000
5447.000000
8023.000000
8464.000000
10366.000000
5767.000000
5556.000000
3869.000000
3017.000000
3979.000000
3276.000000
5444.000000
3827.000000
4049.000000
3800.000000
4780.000000
3352.000000
5725.000000
5970.000000
4095.000000
5250.000000
5079.000000
3106.000000
4030.000000
3003.000000
10525.000000
4622.000000
3724.000000
5920.000000
3730.000000
6764.000000
5345.000000
3266.000000
4003.000000
4228.000000
4367.000000
5179.000000
7230.000000
5786.000000
4217.000000
5034.000000
3715.000000
3218.000000
4065.000000
4541.000000
4400.000000
4049.000000
4631.000000
5873.000000
4451.000000
5184.000000
5060.000000
7081.000000
5507.000000
1300.000000
4326.000000
3867.000000
4651.000000
3797.000000
7246.000000
6866.000000
4211.000000
7040.000000
6139.000000
7258.000000
5909.000000
5323.000000
7214.000000
9880.000000
6456.000000
3149.000000
4544.000000
4689.000000
5874.000000
3603.000000
5025.000000
5303.000000
7835.000000
5769.000000
4502.000000
13601.000000
4374.000000
5772.000000
4927.000000
4863.000000
8084.000000
4299.000000
4566.000000
3574.000000
4546.000000
4152.000000
5653.000000
12515.000000
8171.000000
5587.000000
5159.000000
4882.000000
3989.000000
4870.000000
3792.000000
5096.000000
3914.000000
4517.000000
4498.000000
3728.000000
3793.000000
3440.000000
5295.000000
6750.000000
3975.000000
14058.000000
9651.000000
4700.000000
3848.000000
3291.000000
3868.000000
3701.000000
5270.000000
4089.000000
4048.000000
6872.000000
4241.000000
4904.000000
6384.000000
5006.000000
4916.000000
1520.000000
5168.000000
3344.000000
3978.000000
4571.000000
4493.000000
5269.000000
5786.000000
5410.000000
4831.000000
5110.000000
4148.000000
5660.000000
4305.000000
3328.000000
4695.000000
3214.000000
3825.000000
4277.000000
4367.000000
4891.000000
3964.000000
5614.000000
4206.000000
6229.000000
9217.000000
6108.000000
4959.000000
6752.000000
6437.000000
4083.000000
5829.000000
5440.000000
6181.000000
4331.000000
6289.000000
9292.000000
7658.000000
5854.000000
5446.000000
6113.000000
9691.000000
4906.000000
4605.000000
4017.000000
6901.000000
5625.000000
6827.000000
3788.000000
4819.000000
8215.000000
11561.000000
3983.000000
6385.000000
13772.000000
6546.000000
3936.000000
7564.000000
3846.000000
4674.000000
3382.000000
4598.000000
6976.000000
5296.000000
7129.000000
7920.000000
11483.000000
5012.000000
3861.000000
4721.000000
3675.000000
4404.000000
3097.000000
4618.000000
5031.000000
5596.000000
4927.000000
5515.000000
5808.000000
3770.000000
3890.000000
4715.000000
3058.000000
5143.000000
3232.000000
4695.000000
4753.000000
5606.000000
4601.000000
3858.000000
4706.000000
3720.000000
4537.000000
4084.000000
3173.000000
4299.000000
3346.000000
4255.000000
3261.000000
4298.000000
3348.000000
3954.000000
5403.000000
4698.000000
4624.000000
4924.000000
4644.000000
3952.000000
3040.000000
4268.000000
4367.000000
4973.000000
7610.000000
4179.000000
5692.000000
4181.000000
3448.000000
4433.000000
3146.000000
3959.000000
3010.000000
4128.000000
3376.000000
4459.000000
4301.000000
6936.000000
12921.000000
6622.000000
8672.000000
4573.000000
6105.000000
4622.000000
9019.000000
7000.000000
3919.000000
7808.000000
6238.000000
6193.000000
3219.000000
5214.000000
4823.000000
5570.000000
11265.000000
8503.000000
14455.000000
4666.000000
3936.000000
6434.000000
4047.000000
4904.000000
3996.000000
4745.000000
3972.000000
6240.000000
20064.000000
5217.000000
9800.000000
3031.000000
9266.000000
4038.000000
3434.000000
7403.000000
3693.000000
7466.000000
4154.000000
4462.000000
8404.000000
4831.000000
10670.000000
2670.000000
10923.000000
18115.000000
4802.000000
4582.000000
3372.000000
3864.000000
3154.000000
4924.000000
4467.000000
4865.000000
3346.000000
5240.000000
7703.000000
4376.000000
8462.000000
4082.000000
4901.000000
4338.000000
3580.000000
3997.000000
3028.000000
4415.000000
6531.000000
5608.000000
8380.000000
5680.000000
4005.000000
4299.000000
3798.000000
4252.000000
4031.000000
7252.000000
3491.000000
4046.000000
3766.000000
5316.000000
4933.000000
4554.000000
7068.000000
3963.000000
5943.000000
6431.000000
4930.000000
4436.000000
3658.000000
4712.000000
2888.000000
3994.000000
3389.000000
4154.000000
6744.000000
5319.000000
7255.000000
5133.000000
7325.000000
6341.000000
5440.000000
5365.000000
5667.000000
4584.000000
1750.000000
6565.000000
1952.000000
5598.000000
7205.000000
6895.000000
5540.000000
6225.000000
3241.000000
7536.000000
4776.000000
8560.000000
5167.000000
6542.000000
6337.000000
4259.000000
8380.000000
5392.000000
8371.000000
12313.000000
9307.000000
9314.000000
5875.000000
5339.000000
12502.000000
6018.000000
10350.000000
5255.000000
9311.000000
8844.000000
9553.000000
8229.000000
6142.000000
4469.000000
4136.000000
6840.000000
4964.000000
4045.000000
11553.000000
4084.000000
9208.000000
11204.000000
7521.000000
3996.000000
4188.000000
5378.000000
5651.000000
3926.000000
2998.000000
4399.000000
15751.000000
4868.000000
18437.000000
8573.000000
6413.000000
3647.000000
4812.000000
4974.000000
3941.000000
4377.000000
3901.000000
6626.000000
5926.000000
4037.000000
6824.000000
4707.000000
5817.000000
9986.000000
5107.000000
6647.000000
5503.000000
3911.000000
4493.000000
5149.000000
4350.000000
4685.000000
4545.000000
4299.000000
3637.000000
5730.000000
3148.000000
4018.000000
4556.000000
4818.000000
6269.000000
3649.000000
4305.000000
4301.000000
4515.000000
4332.000000
3629.000000
5275.000000
4781.000000
5399.000000
5612.000000
4627.000000
5313.000000
4965.000000
5588.000000
4997.000000
3789.000000
5601.000000
4212.000000
8698.000000
8666.000000
11333.000000
5856.000000
6757.000000
5242.000000
7632.000000
6024.000000
6889.000000
7711.000000
10431.000000
4258.000000
4618.000000
6306.000000
10445.000000
7060.000000
7150.000000
4073.000000
6058.000000
5399.000000
6174.000000
7667.000000
7404.000000
4363.000000
5789.000000
6290.000000
6916.000000
2957.000000
8637.000000
9363.000000
7483.000000
5988.000000
4885.000000
5241.000000
2155.000000
2349.000000
4630.000000
5523.000000
7358.000000
2301.000000
4767.000000
6007.000000
3559.000000
3691.000000
5796.000000
3088.000000
5784.000000
5182.000000
3923.000000
4110.000000
3775.000000
4518.000000
3823.000000
4769.000000
4032.000000
3486.000000
5554.000000
5017.000000
6550.000000
4444.000000
4860.000000
4745.000000
4793.000000
9075.000000
3100.000000
9582.000000
5716.000000
9097.000000
6490.000000
8506.000000
5019.000000
7806.000000
3636.000000
7580.000000
3759.000000
11094.000000
5740.000000
9257.000000
3432.000000
7972.000000
4611.000000
6526.000000
3352.000000
8002.000000
5539.000000
8748.000000
8200.000000
9156.000000
3575.000000
7226.000000
6591.000000
11539.000000
5375.000000
9959.000000
10976.000000
8954.000000
5729.000000
6911.000000
6895.000000
8828.000000
6050.000000
6501.000000
5560.000000
6307.000000
7051.000000
7457.000000
4822.000000
7878.000000
5535.000000
6164.000000
3747.000000
16839.000000
26125.000000
16409.000000
42146.000000
28094.000000
24586.000000
6865.000000
20860.000000
4311.000000
9261.000000
8239.000000
3824.000000
8603.000000
9543.000000
7530.000000
18823.000000
11541.000000
4755.000000
9002.000000
4660.000000
33515.000000
18861.000000
7716.000000
8491.000000
10290.000000
5200.000000
10216.000000
3849.000000
11534.000000
9312.000000
8013.000000
6366.000000
9143.000000
10208.000000
7944.000000
4688.000000
7820.000000
3182.000000
7858.000000
4106.000000
8553.000000
4064.000000
7641.000000
13284.000000
19061.000000
24604.000000
8763.000000
20243.000000
3913.000000
2847.000000
6496.000000
3167.000000
8797.000000
10400.000000
8134.000000
7062.000000
6612.000000
5814.000000
5040.000000
16567.000000
24248.000000
9018.000000
45233.000000
20224.000000
15637.000000
10522.000000
9611.000000
5572.000000
19920.000000
17369.000000
9726.000000
30770.000000
40802.000000
8756.000000
21817.000000
14436.000000
12125.000000
19989.000000
6980.000000
28416.000000
26022.000000
51767.000000
11294.000000
27177.000000
5199.000000
6021.000000
4845.000000
5096.000000
7643.000000
13726.000000
7166.000000
3992.000000
11381.000000
4680.000000
34194.000000
70620.000000
35010.000000
6067.000000
12287.000000
13412.000000
27229.000000
59068.000000
27550.000000
40895.000000
32385.000000
119229.000000
158257.000000
49719.000000
198404.000000
109885.000000
186845.000000
51917.000000
166587.000000
34344.000000
125723.000000
31682.000000
112038.000000
15251.000000
43218.000000
51762.000000
6282.000000
36506.000000
17641.000000
35028.000000
20563.000000
19483.000000
8865.000000
9514.000000
9145.000000
11109.000000
11056.000000
4386.000000
6888.000000
4500.000000
3854.000000
17002.000000
11990.000000
3292.000000
9009.000000
9083.000000
15758.000000
6230.000000
9971.000000
2972.000000
5140.000000
14005.000000
8540.000000
4931.000000
8676.000000
24614.000000
5385.000000
8119.000000
21849.000000
12269.000000
17109.000000
10315.000000
9306.000000
12654.000000
14980.000000
17207.000000
8056.000000
5010.000000
5156.000000
3091.000000
20203.000000
31752.000000
14184.000000
15938.000000
23424.000000
17982.000000
4745.000000
14498.000000
6875.000000
3843.000000
9680.000000
8444.000000
9131.000000
20755.000000
23142.000000
7251.000000
7796.000000
12462.000000
9040.000000
9948.000000
5421.000000
11581.000000
7564.000000
12120.000000
19683.000000
3294.000000
7198.000000
5187.000000
29643.000000
4143.000000
5754.000000
13237.000000
24299.000000
4749.000000
6336.000000
7713.000000
7303.000000
4383.000000
24550.000000
3714.000000
7817.000000
14997.000000
10435.000000
5624.000000
6254.000000
4352.000000
20236.000000
11533.000000
7915.000000
5331.000000
6380.000000
8437.000000
4262.000000
1874.000000
4654.000000
4841.000000
6127.000000
3632.000000
5853.000000
7372.000000
8740.000000
5857.000000
6315.000000
2882.000000
3116.000000
3748.000000
4766.000000
3212.000000
4547.000000
2927.000000
5729.000000
2827.000000
5500.000000
3203.000000
4498.000000
5181.000000
4634.000000
2099.000000
4715.000000
2746.000000
4411.000000
2629.000000
4868.000000
2354.000000
4655.000000
4891.000000
4692.000000
2242.000000
5714.000000
3665.000000
6649.000000
5843.000000
5473.000000
4672.000000
6881.000000
8067.000000
7520.000000
6198.000000
7919.000000
6093.000000
5392.000000
5726.000000
15177.000000
7294.000000
12246.000000
6099.000000
7746.000000
10950.000000
7097.000000
3642.000000
7455.000000
7089.000000
7435.000000
3283.000000
7724.000000
12953.000000
5061.000000
2807.000000
16610.000000
5777.000000
3292.000000
5489.000000
5648.000000
6693.000000
8752.000000
10461.000000
18960.000000
5623.000000
6093.000000
5095.000000
5856.000000
18921.000000
28897.000000
7959.000000
19109.000000
52176.000000
62870.000000
32913.000000
30403.000000
14294.000000
17075.000000
16419.000000
13988.000000
6027.000000
19628.000000
5372.000000
7847.000000
7617.000000
5695.000000
4601.000000
3822.000000
2661.000000
3951.000000
8002.000000
4607.000000
5250.000000
13150.000000
4490.000000
5309.000000
4399.000000
6291.000000
19961.000000
18965.000000
22537.000000
13277.000000
20846.000000
5779.000000
6494.000000
4777.000000
5580.000000
4270.000000
4444.000000
9931.000000
14776.000000
11071.000000
20082.000000
3658.000000
13092.000000
12409.000000
10888.000000
20011.000000
15619.000000
14333.000000
3713.000000
4448.000000
11704.000000
4755.000000
4384.000000
16279.000000
34271.000000
79879.000000
32688.000000
45909.000000
26596.000000
16929.000000
18743.000000
18018.000000
8244.000000
11833.000000
7876.000000
8667.000000
3211.000000
5602.000000
3445.000000
6403.000000
12035.000000
11476.000000
4303.000000
12705.000000
4361.000000
6576.000000
9181.000000
8673.000000
4471.000000
9502.000000
2933.000000
10562.000000
23014.000000
13669.000000
5446.000000
5889.000000
7387.000000
7083.000000
13299.000000
11615.000000
2373.000000
7324.000000
5087.000000
45204.000000
51753.000000
10305.000000
3793.000000
8378.000000
10943.000000
8089.000000
18894.000000
13160.000000
13250.000000
20691.000000
10285.000000
18937.000000
38902.000000
31178.000000
22075.000000
31643.000000
14161.000000
91450.000000
35710.000000
39177.000000
58779.000000
30453.000000
40605.000000
33979.000000
30507.000000
16349.000000
34747.000000
17360.000000
19199.000000
36119.000000
36485.000000
95289.000000
37828.000000
97180.000000
34041.000000
61958.000000
26068.000000
18417.000000
28056.000000
30659.000000
8144.000000
10678.000000
10067.000000
7010.000000
2084.000000
4467.000000
6467.000000
8652.000000
3797.000000
10855.000000
2054.000000
6796.000000
3222.000000
5144.000000
1990.000000
4764.000000
10267.000000
5058.000000
3212.000000
9989.000000
6935.000000
8652.000000
11264.000000
8959.000000
6723.000000
7147.000000
5318.000000
8792.000000
5556.000000
6243.000000
2986.000000
6314.000000
5037.000000
6688.000000
6590.000000
12326.000000
7765.000000
8191.000000
3574.000000
7611.000000
4224.000000
11176.000000
3457.000000
9835.000000
2944.000000
8986.000000
7031.000000
8243.000000
3812.000000
6077.000000
3786.000000
8693.000000
2788.000000
7918.000000
4079.000000
9143.000000
11390.000000
6926.000000
7139.000000
8039.000000
2965.000000
9033.000000
3576.000000
5759.000000
9454.000000
6388.000000
10232.000000
21714.000000
5288.000000
6360.000000
2732.000000
6984.000000
3094.000000
6314.000000
2932.000000
5999.000000
6648.000000
5616.000000
4815.000000
6886.000000
2150.000000
5860.000000
2927.000000
5871.000000
5791.000000
5539.000000
6754.000000
5229.000000
8398.000000
5974.000000
2211.000000
5481.000000
2330.000000
5945.000000
2698.000000
4907.000000
6441.000000
5059.000000
7728.000000
14702.000000
2115.000000
6861.000000
2843.000000
6950.000000
3830.000000
4783.000000
4805.000000
4494.000000
1997.000000
5710.000000
2062.000000
4867.000000
2483.000000
5371.000000
3575.000000
2870.000000
2962.000000
4924.000000
2191.000000
8397.000000
4359.000000
10653.000000
7683.000000
6641.000000
4898.000000
9155.000000
9620.000000
7539.000000
2637.000000
7428.000000
2410.000000
6091.000000
14773.000000
7212.000000
6903.000000
4668.000000
5661.000000
8939.000000
6905.000000
8598.000000
3972.000000
5578.000000
7894.000000
6555.000000
5427.000000
8509.000000
8780.000000
6828.000000
3726.000000
5829.000000
8484.000000
8904.000000
10135.000000
8092.000000
6552.000000
6335.000000
4325.000000
7955.000000
3648.000000
5806.000000
3372.000000
9489.000000
4854.000000
8768.000000
8525.000000
7502.000000
8185.000000
5988.000000
1965.000000
6598.000000
1964.000000
4950.000000
2265.000000
4311.000000
4127.000000
5836.000000
3191.000000
9755.000000
3830.000000
6004.000000
2071.000000
5145.000000
4083.000000
5192.000000
4156.000000
4503.000000
4666.000000
4248.000000
1976.000000
5399.000000
3619.000000
4460.000000
3087.000000
4407.000000
4141.000000
4414.000000
4962.000000
6338.000000
2632.000000
5004.000000
2042.000000
4649.000000
2221.000000
4271.000000
2890.000000
5199.000000
5463.000000
6725.000000
2225.000000
5115.000000
1960.000000
5397.000000
2540.000000
4645.000000
4222.000000
4620.000000
4807.000000
4301.000000
2055.000000
7325.000000
3061.000000
6990.000000
6123.000000
4602.000000
5629.000000
6994.000000
7557.000000
4630.000000
2623.000000
8335.000000
3889.000000
6911.000000
5780.000000
6584.000000
6910.000000
15326.000000
19183.000000
5983.000000
3871.000000
7838.000000
7028.000000
5494.000000
2515.000000
15115.000000
8472.000000
4904.000000
8444.000000
7178.000000
3887.000000
11736.000000
2172.000000
5360.000000
6020.000000
5112.000000
3892.000000
6212.000000
6068.000000
10080.000000
7701.000000
6594.000000
5229.000000
7124.000000
10492.000000
8118.000000
4469.000000
18196.000000
6684.000000
6058.000000
3782.000000
5752.000000
2307.000000
4272.000000
5819.000000
4580.000000
3132.000000
5833.000000
2826.000000
4448.000000
2630.000000
5745.000000
2115.000000
4282.000000
4643.000000
4825.000000
2867.000000
4500.000000
4679.000000
4246.000000
1836.000000
4248.000000
2040.000000
5009.000000
2576.000000
4579.000000
3712.000000
4628.000000
4895.000000
4515.000000
2637.000000
5078.000000
3147.000000
4338.000000
4573.000000
4778.000000
2222.000000
6005.000000
6208.000000
4370.000000
2529.000000
4457.000000
4069.000000
4028.000000
3725.000000
4503.000000
2750.000000
5296.000000
5275.000000
4575.000000
1754.000000
5404.000000
4904.000000
8988.000000
2325.000000
5600.000000
3851.000000
4205.000000
4740.000000
4428.000000
2393.000000
4099.000000
5141.000000
3246.000000
3648.000000
5334.000000
2204.000000
5648.000000
3411.000000
5886.000000
5142.000000
3947.000000
3240.000000
2388.000000
2436.000000
5154.000000
4543.000000
7842.000000
2874.000000
3532.000000
3593.000000
7177.000000
5934.000000
11449.000000
2714.000000
5293.000000
2319.000000
5025.000000
2668.000000
3227.000000
4616.000000
4449.000000
6528.000000
3474.000000
2837.000000
5910.000000
2245.000000
2778.000000
3223.000000
2898.000000
2419.000000
2336.000000
2618.000000
4224.000000
2085.000000
4655.000000
2900.000000
4230.000000
4350.000000
2370.000000
3030.000000
2619.000000
3813.000000
2815.000000
3288.000000
5597.000000
1940.000000
4537.000000
1912.000000
5384.000000
3506.000000
2711.000000
2673.000000
3779.000000
2391.000000
2582.000000
2229.000000
4202.000000
6289.000000
4086.000000
4495.000000
4080.000000
3879.000000
4140.000000
2215.000000
2505.000000
3302.000000
2615.000000
2786.000000
3512.000000
2888.000000
5523.000000
4051.000000
4238.000000
2145.000000
4294.000000
1871.000000
2331.000000
3061.000000
4251.000000
4308.000000
5355.000000
4223.000000
3615.000000
8096.000000
4411.000000
4376.000000
3266.000000
3351.000000
8607.000000
4045.000000
10741.000000
5142.000000
6697.000000
3136.000000
4174.000000
4248.000000
3564.000000
3594.000000
8941.000000
5316.000000
8502.000000
6083.000000
3177.000000
3885.000000
4866.000000
3300.000000
3452.000000
6005.000000
7721.000000
6472.000000
35060.000000
16624.000000
12550.000000
6099.000000
1586.000000
2831.000000
3101.000000
5930.000000
3393.000000
4323.000000
14163.000000
4282.000000
8800.000000
11925.000000
10225.000000
17311.000000
7689.000000
7798.000000
3633.000000
3120.000000
3400.000000
2029.000000
5816.000000
3707.000000
5054.000000
2013.000000
3031.000000
4165.000000
3701.000000
2860.000000
6194.000000
1890.000000
5753.000000
2252.000000
7272.000000
1905.000000
4489.000000
4608.000000
4654.000000
2564.000000
3148.000000
1865.000000
3089.000000
2051.000000
4166.000000
1889.000000
6787.000000
6943.000000
6458.000000
1497.000000
5137.000000
2357.000000
4496.000000
4951.000000
8892.000000
10193.000000
6280.000000
3811.000000
5285.000000
2879.000000
3193.000000
2569.000000
3629.000000
2147.000000
2914.000000
2143.000000
5435.000000
5498.000000
6519.000000
2824.000000
8725.000000
3052.000000
7209.000000
2793.000000
6984.000000
6054.000000
4620.000000
4298.000000
7727.000000
4473.000000
7583.000000
3151.000000
4416.000000
3821.000000
5521.000000
2580.000000
4114.000000
3045.000000
8526.000000
2764.000000
5195.000000
6724.000000
7939.000000
9585.000000
16041.000000
7790.000000
3868.000000
5491.000000
9416.000000
3585.000000
18150.000000
3641.000000
3540.000000
3608.000000
3256.000000
2771.000000
5208.000000
5819.000000
6870.000000
4156.000000
6326.000000
2844.000000
4999.000000
4389.000000
2984.000000
1621.000000
5375.000000
5544.000000
5111.000000
2003.000000
5726.000000
2568.000000
3528.000000
1901.000000
12200.000000
5539.000000
3853.000000
4003.000000
4971.000000
2219.000000
4177.000000
1852.000000
4076.000000
2188.000000
3094.000000
2495.000000
3124.000000
1783.000000
4971.000000
2470.000000
6454.000000
2200.000000
4369.000000
2309.000000
4994.000000
4323.000000
2170.000000
4410.000000
3487.000000
2171.000000
3520.000000
6018.000000
4813.000000
5175.000000
5942.000000
7182.000000
6134.000000
6572.000000
5168.000000
4386.000000
3440.000000
2645.000000
3831.000000
2676.000000
4057.000000
3239.000000
4098.000000
4013.000000
5166.000000
2113.000000
5963.000000
2138.000000
5402.000000
5036.000000
5333.000000
3203.000000
5063.000000
6127.000000
3692.000000
4804.000000
3689.000000
5027.000000
4016.000000
2629.000000
4921.000000
4210.000000
4016.000000
5767.000000
3942.000000
5343.000000
6440.000000
2929.000000
4462.000000
3442.000000
2665.000000
3115.000000
3606.000000
3998.000000
2829.000000
4200.000000
3136.000000
1999.000000
4715.000000
5032.000000
3355.000000
2071.000000
3777.000000
4774.000000
4590.000000
2811.000000
3458.000000
1970.000000
2780.000000
2491.000000
2504.000000
2005.000000
2567.000000
2624.000000
3473.000000
1924.000000
3731.000000
1805.000000
3030.000000
2827.000000
3667.000000
2867.000000
2990.000000
3034.000000
3664.000000
2016.000000
2645.000000
1769.000000
3734.000000
3255.000000
3680.000000
2231.000000
2960.000000
2635.000000
2669.000000
2832.000000
2594.000000
2070.000000
3376.000000
2748.000000
2987.000000
2935.000000
3565.000000
2818.000000
3026.000000
2183.000000
2703.000000
2106.000000
2963.000000
3190.000000
2881.000000
3421.000000
2549.000000
2573.000000
2600.000000
2019.000000
2601.000000
1937.000000
3740.000000
2893.000000
2852.000000
2864.000000
2800.000000
2795.000000
2505.000000
2027.000000
68742.000000
54540.000000
34912.000000
19300.000000
29277.000000
4091.000000
6322.000000
16454.000000
17119.000000
6181.000000
5889.000000
9069.000000
8148.000000
17190.000000
10535.000000
3596.000000
6014.000000
8872.000000
5118.000000
4976.000000
9440.000000
3953.000000
4306.000000
4206.000000
9816.000000
3155.000000
6582.000000
5694.000000
5260.000000
5203.000000
4693.000000
5988.000000
6280.000000
5757.000000
9442.000000
3236.000000
5788.000000
15155.000000
5123.000000
6546.000000
4476.000000
7466.000000
6192.000000
6001.000000
7656.000000
3409.000000
4180.000000
7779.000000
4881.000000
4419.000000
7330.000000
10084.000000
9091.000000
14432.000000
3664.000000
2609.000000
3690.000000
5786.000000
4558.000000
3199.000000
10360.000000
5211.000000
4628.000000
3146.000000
4220.000000
2378.000000
3743.000000
24333.000000
11238.000000
6169.000000
5420.000000
7427.000000
5248.000000
6248.000000
7352.000000
9196.000000
4345.000000
8483.000000
5112.000000
4317.000000
5455.000000
7773.000000
4448.000000
3543.000000
4838.000000
6886.000000
3728.000000
6649.000000
8184.000000
8243.000000
5555.000000
7919.000000
4281.000000
3021.000000
8989.000000
168072.000000
274082.000000
219786.000000
241284.000000
17831.000000
90543.000000
11222.000000
57547.000000
12814.000000
18907.000000
11058.000000
5267.000000
8887.000000
12816.000000
3422.000000
31384.000000
54698.000000
46766.000000
44288.000000
48931.000000
42260.000000
12045.000000
80813.000000
25042.000000
24904.000000
36776.000000
6267.000000
6903.000000
28233.000000
29765.000000
22110.000000
21676.000000
24959.000000
12443.000000
15998.000000
8003.000000
6346.000000
6614.000000
7498.000000
21795.000000
15800.000000
5501.000000
12089.000000
5407.000000
11199.000000
5792.000000
4864.000000
14719.000000
11840.000000
21905.000000
48108.000000
26410.000000
38826.000000
29889.000000
36744.000000
29199.000000
9665.000000
48910.000000
73758.000000
59023.000000
41122.000000
17222.000000
23645.000000
18744.000000
16165.000000
30691.000000
66885.000000
42826.000000
42307.000000
77393.000000
19376.000000
19842.000000
63358.000000
21401.000000
32896.000000
20545.000000
12215.000000
33608.000000
22096.000000
39809.000000
16931.000000
21889.000000
5801.000000
29988.000000
60819.000000
383028.000000
35020.000000
387324.000000
22968.000000
360291.000000
25724.000000
202382.000000
40230.000000
136173.000000
11307.000000
18216.000000
6254.000000
9594.000000
7717.000000
46508.000000
51571.000000
161521.000000
47557.000000
266061.000000
3441.000000
248056.000000
10510.000000
234532.000000
13497.000000
103134.000000
8088.000000
16988.000000
13731.000000
47418.000000
13317.000000
11548.000000
11565.000000
17225.000000
19245.000000
26115.000000
10456.000000
22495.000000
24501.000000
13390.000000
13294.000000
26441.000000
18898.000000
24487.000000
7693.000000
19533.000000
10384.000000
4072.000000
9951.000000
14657.000000
7079.000000
5652.000000
7671.000000
13497.000000
23179.000000
11546.000000
16682.000000
7269.000000
5552.000000
18179.000000
2932.000000
5435.000000
15446.000000
9259.000000
9898.000000
20290.000000
28205.000000
9453.000000
12480.000000
22815.000000
4380.000000
16421.000000
24752.000000
17371.000000
7438.000000
3697.000000
2162.000000
15428.000000
10497.000000
61456.000000
14724.000000
32020.000000
5393.000000
16042.000000
5901.000000
16425.000000
22969.000000
5544.000000
10468.000000
9333.000000
4609.000000
5808.000000
14718.000000
10591.000000
5817.000000
6393.000000
9028.000000
7894.000000
7366.000000
11451.000000
3605.000000
5508.000000
2211.000000
10987.000000
4970.000000
4590.000000
6680.000000
8808.000000
2613.000000
4872.000000
3177.000000
5447.000000
3256.000000
11214.000000
10380.000000
6501.000000
9092.000000
5812.000000
3207.000000
5931.000000
2426.000000
7398.000000
7765.000000
7995.000000
13797.000000
11625.000000
14638.000000
9283.000000
5011.000000
7489.000000
5565.000000
4449.000000
6830.000000
14614.000000
2913.000000
8324.000000
11346.000000
10588.000000
21346.000000
7844.000000
6671.000000
16633.000000
11436.000000
5011.000000
3458.000000
17616.000000
6271.000000
6698.000000
5766.000000
5696.000000
2520.000000
4823.000000
3594.000000
7026.000000
3416.000000
8770.000000
11755.000000
11441.000000
10238.000000
7030.000000
6423.000000
13564.000000
11219.000000
11494.000000
46639.000000
9479.000000
11746.000000
8349.000000
5068.000000
9185.000000
21208.000000
23732.000000
20390.000000
8322.000000
2641.000000
8958.000000
11755.000000
9529.000000
14626.000000
32876.000000
8194.000000
29400.000000
47308.000000
56978.000000
44657.000000
30964.000000
29614.000000
15892.000000
9925.000000
5835.000000
2647.000000
2765.000000
13570.000000
4996.000000
4777.000000
9560.000000
11635.000000
10729.000000
6429.000000
9290.000000
6566.000000
8446.000000
5993.000000
10739.000000
10361.000000
11590.000000
10798.000000
22686.000000
24748.000000
36110.000000
58557.000000
24690.000000
28649.000000
14759.000000
12680.000000
6406.000000
31263.000000
21311.000000
8966.000000
46725.000000
124989.000000
155859.000000
18012.000000
165100.000000
33289.000000
131942.000000
17672.000000
29752.000000
17408.000000
11632.000000
17399.000000
11748.000000
9790.000000
27561.000000
4680.000000
4585.000000
3169.000000
13804.000000
7673.000000
6610.000000
5693.000000
4288.000000
6558.000000
8182.000000
5211.000000
10700.000000
5560.000000
7504.000000
2481.000000
8458.000000
8447.000000
9084.000000
14587.000000
7972.000000
11660.000000
58433.000000
17927.000000
38227.000000
12026.000000
23569.000000
16968.000000
38499.000000
16150.000000
36039.000000
19975.000000
58562.000000
40485.000000
123343.000000
12501.000000
76361.000000
27691.000000
36992.000000
37411.000000
37722.000000
46791.000000
28950.000000
24324.000000
41989.000000
10825.000000
22955.000000
32016.000000
59060.000000
42630.000000
40351.000000
20899.000000
19052.000000
16761.000000
37655.000000
14779.000000
42743.000000
23754.000000
8411.000000
81724.000000
42641.000000
8824.000000
38982.000000
9507.000000
14170.000000
21329.000000
14235.000000
8739.000000
8162.000000
22378.000000
10759.000000
21743.000000
15736.000000
5310.000000
22623.000000
16509.000000
33918.000000
21748.000000
21942.000000
4759.000000
8757.000000
5006.000000
2686.000000
3690.000000
13551.000000
5447.000000
4744.000000
3665.000000
3438.000000
5243.000000
12842.000000
15573.000000
3413.000000
3771.000000
10532.000000
10670.000000
4957.000000
5939.000000
4730.000000
2550.000000
3988.000000
6431.000000
4774.000000
2799.000000
6415.000000
4687.000000
4343.000000
13335.000000
3456.000000
5650.000000
3726.000000
13752.000000
4770.000000
15183.000000
5275.000000
12790.000000
8349.000000
5157.000000
5399.000000
7599.000000
7466.000000
10387.000000
11747.000000
4518.000000
4089.000000
7146.000000
6126.000000
6102.000000
4606.000000
7513.000000
8908.000000
5357.000000
14511.000000
6890.000000
3764.000000
20787.000000
3810.000000
2617.000000
3159.000000
5095.000000
5519.000000
23095.000000
40571.000000
23897.000000
4662.000000
7666.000000
4974.000000
4354.000000
8939.000000
5179.000000
11300.000000
4147.000000
3249.000000
4909.000000
3997.000000
5120.000000
2597.000000
3805.000000
5235.000000
7798.000000
5470.000000
3160.000000
4376.000000
3749.000000
3639.000000
5675.000000
5350.000000
3991.000000
3802.000000
5687.000000
4779.000000
2181.000000
3710.000000
5963.000000
2761.000000
3640.000000
2834.000000
1917.000000
3830.000000
5476.000000
3619.000000
2296.000000
2829.000000
4331.000000
3274.000000
5328.000000
2951.000000
2147.000000
6289.000000
4387.000000
5237.000000
2580.000000
3698.000000
4318.000000
4996.000000
6350.000000
6171.000000
4461.000000
7396.000000
3757.000000
7058.000000
3162.000000
3673.000000
3813.000000
3267.000000
4353.000000
6245.000000
6110.000000
5591.000000
5491.000000
6768.000000
5877.000000
3627.000000
7111.000000
3336.000000
5896.000000
4625.000000
5892.000000
19221.000000
2875.000000
4422.000000
3934.000000
4307.000000
6417.000000
4982.000000
4370.000000
8214.000000
5043.000000
9585.000000
12929.000000
5658.000000
6979.000000
3249.000000
11744.000000
5401.000000
12865.000000
4910.000000
2913.000000
2469.000000
3867.000000
3333.000000
6221.000000
3905.000000
3421.000000
2953.000000
2228.000000
3007.000000
2372.000000
2730.000000
4205.000000
2809.000000
1919.000000
3750.000000
3522.000000
2655.000000
2386.000000
3250.000000
1892.000000
2908.000000
2440.000000
3037.000000
2008.000000
5909.000000
2827.000000
2668.000000
4355.000000
3153.000000
1772.000000
2753.000000
2101.000000
1484.000000
2438.000000
1858.000000
3282.000000
1024.000000
2919.000000
2471.000000
1645.000000
3113.000000
1767.000000
2820.000000
2515.000000
1547.000000
1971.000000
1838.000000
3918.000000
1282.000000
1980.000000
5939.000000
8980.000000
9886.000000
3143.000000
6404.000000
5558.000000
6557.000000
5309.000000
3524.000000
3815.000000
3970.000000
10384.000000
5547.000000
4541.000000
6993.000000
7432.000000
1646.000000
5081.000000
2095.000000
3360.000000
1648.000000
7830.000000
1663.000000
3407.000000
2177.000000
4503.000000
4917.000000
18549.000000
27466.000000
11601.000000
4533.000000
2994.000000
6294.000000
7488.000000
1815.000000
3191.000000
1924.000000
2992.000000
1235.000000
2722.000000
4473.000000
2697.000000
26544.000000
13799.000000
7213.000000
9414.000000
1569.000000
2408.000000
4030.000000
3329.000000
1470.000000
2081.000000
3211.000000
2612.000000
3723.000000
2737.000000
1116.000000
1868.000000
1117.000000
2064.000000
1237.000000
3185.000000
3488.000000
1578.000000
11837.000000
1843.000000
3824.000000
5421.000000
1231.000000
2117.000000
1198.000000
3527.000000
1551.000000
2560.000000
4637.000000
2590.000000
6068.000000
1925.000000
4874.000000
2651.000000
987.000000
2973.000000
2022.000000
1618.000000
1480.000000
4362.000000
1472.000000
1866.000000
6365.000000
2031.000000
5762.000000
2200.000000
3140.000000
1570.000000
1252.000000
1930.000000
2004.000000
1744.000000
1809.000000
1697.000000
6237.000000
2836.000000
8500.000000
6558.000000
4946.000000
3323.000000
4703.000000
2868.000000
4328.000000
7255.000000
2632.000000
3798.000000
9523.000000
5309.000000
9451.000000
2705.000000
9339.000000
6872.000000
6237.000000
17376.000000
2211.000000
7682.000000
20709.000000
18228.000000
14786.000000
3176.000000
9705.000000
3337.000000
6402.000000
23095.000000
8023.000000
13316.000000
6222.000000
6910.000000
10652.000000
3681.000000
5061.000000
2788.000000
3939.000000
10402.000000
5305.000000
8593.000000
5945.000000
7581.000000
10428.000000
3432.000000
8124.000000
17945.000000
8924.000000
2338.000000
6848.000000
11284.000000
2819.000000
6089.000000
6874.000000
2511.000000
5368.000000
4532.000000
4183.000000
6837.000000
4311.000000
1921.000000
3154.000000
2790.000000
4275.000000
2147.000000
2047.000000
2076.000000
5489.000000
2623.000000
2706.000000
5513.000000
3689.000000
4044.000000
3210.000000
2308.000000
3311.000000
2006.000000
3023.000000
2999.000000
4629.000000
8128.000000
4055.000000
2205.000000
4059.000000
2038.000000
5349.000000
2555.000000
4003.000000
3592.000000
2564.000000
2919.000000
3210.000000
3257.000000
4690.000000
1743.000000
2255.000000
2037.000000
2335.000000
3217.000000
4040.000000
3643.000000
8596.000000
3543.000000
5925.000000
2413.000000
3124.000000
3450.000000
5900.000000
4507.000000
14398.000000
22527.000000
17591.000000
9090.000000
46625.000000
35289.000000
40472.000000
43247.000000
6634.000000
6684.000000
3032.000000
8929.000000
6303.000000
7638.000000
4550.000000
2454.000000
6260.000000
4427.000000
3972.000000
4965.000000
13108.000000
1894.000000
9944.000000
16815.000000
6672.000000
2858.000000
2550.000000
8712.000000
2500.000000
3805.000000
6350.000000
8616.000000
5405.000000
5115.000000
24170.000000
2265.000000
19522.000000
44291.000000
28236.000000
13309.000000
2832.000000
4875.000000
1936.000000
3344.000000
5080.000000
3199.000000
15335.000000
14436.000000
16992.000000
9009.000000
10588.000000
28481.000000
3429.000000
2302.000000
1941.000000
2138.000000
1370.000000
3818.000000
3719.000000
4860.000000
5180.000000
7476.000000
2696.000000
13016.000000
2373.000000
1897.000000
1206.000000
2953.000000
1187.000000
2741.000000
2193.000000
2152.000000
7796.000000
4942.000000
42963.000000
61497.000000
7584.000000
15287.000000
2903.000000
15596.000000
5015.000000
4584.000000
1239.000000
3419.000000
4200.000000
3625.000000
3041.000000
6449.000000
6158.000000
3247.000000
4943.000000
5417.000000
4845.000000
12728.000000
5315.000000
8536.000000
3630.000000
8528.000000
8986.000000
11963.000000
22905.000000
6039.000000
908.000000
2236.000000
2321.000000
1969.000000
4591.000000
6093.000000
3823.000000
4430.000000
4003.000000
5756.000000
4593.000000
2184.000000
2302.000000
3102.000000
6584.000000
5353.000000
3029.000000
2367.000000
3099.000000
4940.000000
2231.000000
3185.000000
3501.000000
2790.000000
4699.000000
6151.000000
5912.000000
3262.000000
2037.000000
4560.000000
3813.000000
2282.000000
3237.000000
2636.000000
1760.000000
10801.000000
3146.000000
2833.000000
2513.000000
3381.000000
2809.000000
1809.000000
2619.000000
2090.000000
929.000000
4926.000000
3894.000000
1916.000000
2102.000000
3568.000000
1556.000000
1775.000000
1499.000000
3363.000000
1294.000000
3513.000000
3169.000000
1748.000000
3632.000000
3849.000000
5517.000000
1687.000000
1149.000000
2241.000000
970.000000
5706.000000
1134.000000
1783.000000
1101.000000
2525.000000
3708.000000
2018.000000
2277.000000
3019.000000
991.000000
3106.000000
931.000000
1819.000000
1240.000000
3216.000000
2377.000000
2021.000000
1194.000000
2332.000000
932.000000
2872.000000
937.000000
2168.000000
4924.000000
3278.000000
3652.000000
2856.000000
2324.000000
9346.000000
2907.000000
4097.000000
4798.000000
3783.000000
4302.000000
4921.000000
1883.000000
5403.000000
1879.000000
5763.000000
4412.000000
4374.000000
4138.000000
4079.000000
5329.000000
7793.000000
1059.000000
1788.000000
1791.000000
5743.000000
2572.000000
3496.000000
16070.000000
23095.000000
15502.000000
26546.000000
38590.000000
12838.000000
28009.000000
11598.000000
4873.000000
9543.000000
3272.000000
5506.000000
5579.000000
8308.000000
18052.000000
8647.000000
4580.000000
10134.000000
3323.000000
5671.000000
3097.000000
3639.000000
2051.000000
6099.000000
2584.000000
2465.000000
1894.000000
2401.000000
1491.000000
3125.000000
4618.000000
2876.000000
2920.000000
4380.000000
5206.000000
1711.000000
2536.000000
7483.000000
2730.000000
2097.000000
1768.000000
2847.000000
1097.000000
2032.000000
2835.000000
3525.000000
3466.000000
3383.000000
3128.000000
2167.000000
1173.000000
1960.000000
1090.000000
1966.000000
2517.000000
2938.000000
2793.000000
4227.000000
1224.000000
2561.000000
1261.000000
1945.000000
1279.000000
1833.000000
2370.000000
3732.000000
1243.000000
2710.000000
1262.000000
2179.000000
1206.000000
1852.000000
5590.000000
9813.000000
4447.000000
4229.000000
3031.000000
5232.000000
3164.000000
3315.000000
1813.000000
3299.000000
3506.000000
9579.000000
4627.000000
5820.000000
6831.000000
3200.000000
1660.000000
5645.000000
2428.000000
3608.000000
2638.000000
2547.000000
1647.000000
4404.000000
2033.000000
4142.000000
5992.000000
5853.000000
5142.000000
2492.000000
3198.000000
5241.000000
5741.000000
15341.000000
34126.000000
5732.000000
1556.000000
6929.000000
1779.000000
2496.000000
1750.000000
4344.000000
2698.000000
4326.000000
1810.000000
3203.000000
4633.000000
5690.000000
3182.000000
1940.000000
4639.000000
1804.000000
1472.000000
4692.000000
1237.000000
2007.000000
1102.000000
3131.000000
4377.000000
2241.000000
1104.000000
3411.000000
1107.000000
3613.000000
1003.000000
1970.000000
937.000000
3881.000000
1143.000000
1795.000000
1469.000000
5234.000000
1350.000000
5464.000000
1849.000000
2253.000000
1277.000000
1878.000000
1292.000000
2180.000000
1961.000000
3204.000000
1893.000000
3185.000000
2877.000000
1922.000000
1364.000000
3355.000000
1777.000000
2123.000000
3728.000000
5118.000000
4568.000000
3163.000000
2072.000000
3932.000000
1908.000000
2004.000000
1369.000000
2018.000000
3242.000000
5472.000000
3114.000000
5225.000000
2097.000000
4547.000000
3136.000000
3881.000000
5821.000000
3493.000000
3904.000000
7212.000000
3683.000000
3594.000000
2679.000000
4984.000000
2710.000000
3852.000000
3244.000000
2492.000000
4254.000000
6144.000000
2875.000000
2469.000000
5405.000000
5241.000000
2055.000000
3811.000000
5129.000000
2579.000000
13994.000000
5375.000000
3226.000000
11692.000000
2600.000000
7748.000000
1180.000000
2386.000000
5880.000000
6828.000000
1819.000000
3445.000000
4203.000000
11610.000000
2296.000000
1924.000000
3529.000000
1843.000000
2114.000000
1888.000000
3104.000000
5035.000000
803.000000
1746.000000
1904.000000
1933.000000
3386.000000
3283.000000
4077.000000
3371.000000
4554.000000
2731.000000
2406.000000
2801.000000
3418.000000
2043.000000
2842.000000
1973.000000
3838.000000
2984.000000
2945.000000
3340.000000
1203.000000
2776.000000
2790.000000
1930.000000
3504.000000
2668.000000
3347.000000
5653.000000
1376.000000
3366.000000
1261.000000
3453.000000
2307.000000
2152.000000
2305.000000
1813.000000
3663.000000
4120.000000
950.000000
1810.000000
1531.000000
5179.000000
1436.000000
1880.000000
2223.000000
1731.000000
2064.000000
5120.000000
2996.000000
2611.000000
2006.000000
4990.000000
3129.000000
2441.000000
3586.000000
2730.000000
4029.000000
5225.000000
2891.000000
4735.000000
1649.000000
3995.000000
5393.000000
2693.000000
3436.000000
3826.000000
3578.000000
4570.000000
5591.000000
9300.000000
2848.000000
3811.000000
2031.000000
3128.000000
3434.000000
4712.000000
4360.000000
7401.000000
3735.000000
5951.000000
2126.000000
4380.000000
3160.000000
2499.000000
3225.000000
7356.000000
4530.000000
4606.000000
2913.000000
4605.000000
1448.000000
3356.000000
6482.000000
11787.000000
7363.000000
10991.000000
1090.000000
3431.000000
1296.000000
2847.000000
1156.000000
2625.000000
1405.000000
3172.000000
1535.000000
5891.000000
1397.000000
3617.000000
5476.000000
3716.000000
2466.000000
1901.000000
1537.000000
1930.000000
1317.000000
2665.000000
1522.000000
3618.000000
1323.000000
1866.000000
3776.000000
2048.000000
1619.000000
1867.000000
992.000000
4263.000000
1181.000000
3905.000000
1241.000000
3776.000000
2124.000000
2038.000000
1231.000000
1943.000000
1014.000000
3548.000000
1508.000000
2156.000000
1297.000000
3609.000000
890.000000
1831.000000
2656.000000
1940.000000
2057.000000
3965.000000
2264.000000
2300.000000
2681.000000
3876.000000
1832.000000
3716.000000
2587.000000
7381.000000
3142.000000
12423.000000
5424.000000
5036.000000
1561.000000
3405.000000
3073.000000
2751.000000
2220.000000
2719.000000
2566.000000
4336.000000
2670.000000
6769.000000
2166.000000
5416.000000
2441.000000
3470.000000
3093.000000
1994.000000
3771.000000
3130.000000
3942.000000
4063.000000
2736.000000
4582.000000
1554.000000
8382.000000
1571.000000
6739.000000
4067.000000
3886.000000
2564.000000
5320.000000
1680.000000
3715.000000
1915.000000
6977.000000
6701.000000
5583.000000
2469.000000
3089.000000
1000.000000
2607.000000
1177.000000
2862.000000
1169.000000
1876.000000
1486.000000
2192.000000
1152.000000
2668.000000
1188.000000
5890.000000
963.000000
3150.000000
2026.000000
1882.000000
1284.000000
2941.000000
1266.000000
4488.000000
1114.000000
2044.000000
1174.000000
3118.000000
2255.000000
1880.000000
1169.000000
2518.000000
1190.000000
3357.000000
1302.000000
1985.000000
1580.000000
5548.000000
1857.000000
1894.000000
1251.000000
2329.000000
1441.000000
2926.000000
1442.000000
1992.000000
1339.000000
2923.000000
1254.000000
3186.000000
1273.000000
2246.000000
1187.000000
1610.000000
1207.000000
1915.000000
